     0    164    424   -472    -72   2520   -437   -833    421     53   -507   1770    -57    156   -324   -719   -670   2459    971   1862   1763   -821 
   164      0    397    248   -142    -45  -1549  -1110   -453    677  -1607   -665  -1913  -1769  -2179  -3056  -1061  -2156  -2064  -2013  -1214  -3073 
   424    397      0   3163    896   -626   1098   1360    731     14    833    508   -545    618   -560    -52  -1065  -1527   -696  -1609   -130   -261 
  -472    248   3163      0    550   -126    574    110    664   -616    388     66    811    351   -347   -547   -967  -1246  -1367   -814  -1105   -779 
   -72   -142    896    550      0  -1356  -1024   -242   -278   -690   -840   -534   -925    542    480  -1897   -198  -1168   -930   -604  -1644  -2645 
  2520    -45   -626   -126  -1356      0    140   -743   -209     65   -202    848   1947   -173   -293   -590  -2200    380    227    128   1105  -1097 
  -437  -1549   1098    574  -1024    140      0    564    999   -493  -1096   -641    657    387   1060    -35  -2489  -1193    143   -977    121   -422 
  -833  -1110   1360    110   -242   -743    564      0   -242   -748     33   -484  -1015   -185   -251   -643  -1173  -1783   -578  -1567  -1451  -1147 
   421   -453    731    664   -278   -209    999   -242      0    154    334   2437    -97    583   -497  -1123  -2547  -1760  -1298  -2088   -843   -887 
    53    677     14   -616   -690     65   -493   -748    154      0  -1591   -541    571  -1004  -1185  -2533  -2019   -898  -1699  -1507   -612  -3180 
  -507  -1607    833    388   -840   -202  -1096     33    334  -1591      0   1876   -707   1252    670   -418  -2019  -1574   -872   -719   -850   -412 
  1770   -665    508     66   -534    848   -641   -484   2437   -541   1876      0   -894    911    123    179  -2410  -1019   -121  -1325   -196   -874 
   -57  -1913   -545    811   -925   1947    657  -1015    -97    571   -707   -894      0    -68    806  -1468  -2334  -1018  -1248  -1270  -1024  -2033 
   156  -1769    618    351    542   -173    387   -185    583  -1004   1252    911    -68      0   5096    663  -1432    910   1765    710   -626   -589 
  -324  -2179   -560   -347    480   -293   1060   -251   -497  -1185    670    123    806   5096      0    870  -1749    617   2446    733   -170   -910 
  -719  -3056    -52   -547  -1897   -590    -35   -643  -1123  -2533   -418    179  -1468    663    870      0  -1883   -314    470   -445   -557   4869 
  -670  -1061  -1065   -967   -198  -2200  -2489  -1173  -2547  -2019  -2019  -2410  -2334  -1432  -1749  -1883      0  -1397   -571   -784  -2065  -3229 
  2459  -2156  -1527  -1246  -1168    380  -1193  -1783  -1760   -898  -1574  -1019  -1018    910    617   -314  -1397      0   3988   5332   4614   -301 
   971  -2064   -696  -1367   -930    227    143   -578  -1298  -1699   -872   -121  -1248   1765   2446    470   -571   3988      0   3800   2491    120 
  1862  -2013  -1609   -814   -604    128   -977  -1567  -2088  -1507   -719  -1325  -1270    710    733   -445   -784   5332   3800      0   4008   -759 
  1763  -1214   -130  -1105  -1644   1105    121  -1451   -843   -612   -850   -196  -1024   -626   -170   -557  -2065   4614   2491   4008      0   -653 
  -821  -3073   -261   -779  -2645  -1097   -422  -1147   -887  -3180   -412   -874  -2033   -589   -910   4869  -3229   -301    120   -759   -653      0 
