     0   6989   6734   8644   7452   5380 
  6989      0   6733   6989   8607   6721 
  6734   6733      0   6734   7183   5471 
  8644   6989   6734      0   7452   5380 
  7452   8607   7183   7452      0   6465 
  5380   6721   5471   5380   6465      0 
