     0  -1300  -1519  -1925   -632     71   -485   -485  -1493  -2211     88 
 -1300      0  -1826  -2954  -2883  -2710  -3961  -3961  -3554  -3419  -2204 
 -1519  -1826      0   7831     48  -1018   -464   -464   2549   1031   1506 
 -1925  -2954   7831      0    184  -2063  -1146  -1146   2215    614    858 
  -632  -2883     48    184      0   -134   1997   1997   -947   2957   -140 
    71  -2710  -1018  -2063   -134      0   -314   -314   -661  -2045   1233 
  -485  -3961   -464  -1146   1997   -314      0   8548    589  -1784    503 
  -485  -3961   -464  -1146   1997   -314   8548      0    589  -1784    503 
 -1493  -3554   2549   2215   -947   -661    589    589      0    576   -340 
 -2211  -3419   1031    614   2957  -2045  -1784  -1784    576      0  -1089 
    88  -2204   1506    858   -140   1233    503    503   -340  -1089      0 
