     0  -2368  -2212  -1385  -2205  -2088  -1810  -5359  -2088  -1471  -2792  -2792  -3610  -4870  -3728  -2797  -1610  -2490  -1895  -2875  -1911  -1469  -1811  -3054  -1765  -3218  -1765  -1114  -2894  -2886  -2311  -2011  -2075  -1601  -1655  -2815 
 -2368      0   4586   -809  -1213  -1352   -927    450  -1352  -1325   3473   3473  -2020  -1170   -780   -666  -1887  -1905  -2163    998   -458  -2005  -1036   2590    657    765    657   -759   1852    164   1264   1459   -993    489  -3135   -896 
 -2212   4586      0   -482  -1266   -341   -941      8   -341   -433   2360   2360  -1288  -1141  -1698   1013  -2792  -1294  -2688   1867     30   -989   -754   3467   3010    845   3010  -1907    486  -1398   2162   2609   -862   1120  -1928  -1563 
 -1385   -809   -482      0    311   -990   6683   1375   -990   -205  -1248  -1248   2199    344    531   2077    304   -602    204    555   -196    264   -446    171   3257   2348   3257   -141   3167   5065    836   -565   -305   -573   -616  -1078 
 -2205  -1213  -1266    311      0   1470      5  -1425   1470    567   1668   1668    306  -1923  -1378  -1649    397    260    129  -1241  -1033   -328   3325   -827    675  -1455    675   -889  -1938   -699   2740  -1464  -1048   1307    938   -565 
 -2088  -1352   -341   -990   1470      0   -212  -2859   9452   2951   2003   2003    643  -2215   -706     27   1218   1191   1517  -2048  -1575    782   6952    591   -293  -1603   -293   -579   -612   -103   1372   -874    239   1891   1993  -1732 
 -1810   -927   -941   6683      5   -212      0  -1211   -212    897  -1073  -1073   1056   -368   1947   1515  -1275  -1348  -1535   -469  -1153  -1461   -134   -721    456   1985    456  -1212    718   3358    311  -1173   -300    740  -1034   -104 
 -5359    450      8   1375  -1425  -2859  -1211      0  -2859  -1004   -764   -764  -1428   3899  -1585    417   -263  -1402  -1174   1163  -3140  -2483  -2913   -144   -740    877   -740  -3261   1802    907  -1145   -750  -2876  -1883  -2621  -2900 
 -2088  -1352   -341   -990   1470   9452   -212  -2859      0   2951   2003   2003    643  -2215   -706     27   1218   1191   1517  -2048  -1575    782   6952    591   -293  -1603   -293   -579   -612   -103   1372   -874    239   1891   1993  -1732 
 -1471  -1325   -433   -205    567   2951    897  -1004   2951      0    539    539   3295  -2287   -384   -918   -856   -987  -1545  -1191   -436   1357   1042   -247   -531   -571   -531   -698  -1110  -1062    585  -1020   2301   1880   1268   -706 
 -2792   3473   2360  -1248   1668   2003  -1073   -764   2003    539      0   9934   -576  -2326  -1517    249  -1200  -1609  -1521    751  -1179    836   1377   1118   -165    611   -165  -2105    614   -759   1231   -154     99   3202   -877  -2178 
 -2792   3473   2360  -1248   1668   2003  -1073   -764   2003    539   9934      0   -576  -2326  -1517    249  -1200  -1609  -1521    751  -1179    836   1377   1118   -165    611   -165  -2105    614   -759   1231   -154     99   3202   -877  -2178 
 -3610  -2020  -1288   2199    306    643   1056  -1428    643   3295   -576   -576      0  -2808    487    542  -2493  -2536  -2182  -2030  -1768  -1907   1028   -747    -66  -1547    -66   -339   -577  -1004   -818  -2148     96   -108   -832  -1100 
 -4870  -1170  -1141    344  -1923  -2215   -368   3899  -2215  -2287  -2326  -2326  -2808      0   -580    569  -1084  -1843  -1735   -535  -2298  -2863  -2150   -946   -879    894   -879  -2339    -48   -399  -2019  -2091  -3034  -2035  -3615  -1017 
 -3728   -780  -1698    531  -1378   -706   1947  -1585   -706   -384  -1517  -1517    487   -580      0    182  -1725  -2570  -2712     69   -914  -1797   -963  -1323    201   2555    201  -1620     25    132  -1271   -816  -1828  -1198  -1882   -128 
 -2797   -666   1013   2077  -1649     27   1515    417     27   -918    249    249    542    569    182      0    -10   1171   -229   2000  -1473  -1280  -1381     58    557    879    557   -291   1128   1635   -329   1517   -414    636  -1391  -1001 
 -1610  -1887  -2792    304    397   1218  -1275   -263   1218   -856  -1200  -1200  -2493  -1084  -1725    -10      0   7834   7909   -971  -2098   2651   1641  -2718  -1331  -1652  -1331  -1906   -646   -759   4980  -2381  -1938    966  -1370  -2309 
 -2490  -1905  -1294   -602    260   1191  -1348  -1402   1191   -987  -1609  -1609  -2536  -1843  -2570   1171   7834      0   8175   -136  -1811   2681   1455  -2594   -906  -1216   -906  -1837   -559   -591   4662  -1532  -1978   1789   -985  -2317 
 -1895  -2163  -2688    204    129   1517  -1535  -1174   1517  -1545  -1521  -1521  -2182  -1735  -2712   -229   7909   8175      0  -1280  -2375   2369   1689  -2549  -1308  -1777  -1308  -2005   -252   -674   5357  -2741  -1915   1182  -1192  -2004 
 -2875    998   1867    555  -1241  -2048   -469   1163  -2048  -1191    751    751  -2030   -535     69   2000   -971   -136  -1280      0    346  -1991  -2759    783   4489   2624   4489  -1791   2318    512     47   2100  -1407   -215  -1515   -410 
 -1911   -458     30   -196  -1033  -1575  -1153  -3140  -1575   -436  -1179  -1179  -1768  -2298   -914  -1473  -2098  -1811  -2375    346      0   -513  -1606  -1361  -1456    389  -1456  -1760   -298  -1256  -1133   -666  -2449  -1048   -827   -703 
 -1469  -2005   -989    264   -328    782  -1461  -2483    782   1357    836    836  -1907  -2863  -1797  -1280   2651   2681   2369  -1991   -513      0    251  -1567  -1286  -2097  -1286   -381  -1545  -1482   1884  -1749  -1208    421   -223  -2482 
 -1811  -1036   -754   -446   3325   6952   -134  -2913   6952   1042   1377   1377   1028  -2150   -963  -1381   1641   1455   1689  -2759  -1606    251      0    -32   -510  -2148   -510  -1277  -2212   -121   2957  -1352   -393   1616   1792  -1708 
 -3054   2590   3467    171   -827    591   -721   -144    591   -247   1118   1118   -747   -946  -1323     58  -2718  -2594  -2549    783  -1361  -1567    -32      0   1737   -124   1737   -807   1071   -476    514   1829   -984   1995  -1403  -1436 
 -1765    657   3010   3257    675   -293    456   -740   -293   -531   -165   -165    -66   -879    201    557  -1331   -906  -1308   4489  -1456  -1286   -510   1737      0   2553   6442   -317   1084    447   1208   1472   -499   1201   -920   -193 
 -3218    765    845   2348  -1455  -1603   1985    877  -1603   -571    611    611  -1547    894   2555    879  -1652  -1216  -1777   2624    389  -2097  -2148   -124   2553      0   2553  -1868   2089    511   -351    793  -1401     79  -2054   -647 
 -1765    657   3010   3257    675   -293    456   -740   -293   -531   -165   -165    -66   -879    201    557  -1331   -906  -1308   4489  -1456  -1286   -510   1737   6442   2553      0   -317   1084    447   1208   1472   -499   1201   -920   -193 
 -1114   -759  -1907   -141   -889   -579  -1212  -3261   -579   -698  -2105  -2105   -339  -2339  -1620   -291  -1906  -1837  -2005  -1791  -1760   -381  -1277   -807   -317  -1868   -317      0  -1866  -1768   -809   -818   -102   -695   -841  -1086 
 -2894   1852    486   3167  -1938   -612    718   1802   -612  -1110    614    614   -577    -48     25   1128   -646   -559   -252   2318   -298  -1545  -2212   1071   1084   2089   1084  -1866      0   5399   -897    540  -1701    274  -1757  -1103 
 -2886    164  -1398   5065   -699   -103   3358    907   -103  -1062   -759   -759  -1004   -399    132   1635   -759   -591   -674    512  -1256  -1482   -121   -476    447    511    447  -1768   5399      0  -1230    490   -151   -483   -930   -183 
 -2311   1264   2162    836   2740   1372    311  -1145   1372    585   1231   1231   -818  -2019  -1271   -329   4980   4662   5357     47  -1133   1884   2957    514   1208   -351   1208   -809   -897  -1230      0     84  -1248   2353    369  -1831 
 -2011   1459   2609   -565  -1464   -874  -1173   -750   -874  -1020   -154   -154  -2148  -2091   -816   1517  -2381  -1532  -2741   2100   -666  -1749  -1352   1829   1472    793   1472   -818    540    490     84      0   -362    695  -1997   -895 
 -2075   -993   -862   -305  -1048    239   -300  -2876    239   2301     99     99     96  -3034  -1828   -414  -1938  -1978  -1915  -1407  -2449  -1208   -393   -984   -499  -1401   -499   -102  -1701   -151  -1248   -362      0    234  -1649   -429 
 -1601    489   1120   -573   1307   1891    740  -1883   1891   1880   3202   3202   -108  -2035  -1198    636    966   1789   1182   -215  -1048    421   1616   1995   1201     79   1201   -695    274   -483   2353    695    234      0   -136  -1916 
 -1655  -3135  -1928   -616    938   1993  -1034  -2621   1993   1268   -877   -877   -832  -3615  -1882  -1391  -1370   -985  -1192  -1515   -827   -223   1792  -1403   -920  -2054   -920   -841  -1757   -930    369  -1997  -1649   -136      0   -344 
 -2815   -896  -1563  -1078   -565  -1732   -104  -2900  -1732   -706  -2178  -2178  -1100  -1017   -128  -1001  -2309  -2317  -2004   -410   -703  -2482  -1708  -1436   -193   -647   -193  -1086  -1103   -183  -1831   -895   -429  -1916   -344      0 
