     0   7310   7263   9692   7934   7310   2538   3765   3576   2805    368   3184   2470   1901   4497   3334   2045   4233   1479   1122    350   1446   -351    155   -100    320   1677   2487 
  7310      0   7234   7310   9170   9516   2781   3125   3023   2837    609   3726   2119   2697   3053   3637   1812   3391   2553   1814   2337   1124   -626    901   1729    277   2137   1656 
  7263   7234      0   7263   7876   7234   2917   3792   4389   1953   1369   2889   2701   1614   4213   4933   2708   4993   2214   1552    663   1791   -727   -415   -287   -607   3189   2154 
  9692   7310   7263      0   7934   7310   2538   3765   3576   2805    368   3184   2470   1901   4497   3334   2045   4233   1479   1122    350   1446   -351    155   -100    320   1677   2487 
  7934   9170   7876   7934      0   9170   2732   3335   2824   2825    -58   4066   1900   2351   3421   3816   1894   3662   2480   1655    402    653  -1323   -640   -829   -649   2158   1310 
  7310   9516   7234   7310   9170      0   2781   3125   3023   2837    609   3726   2119   2697   3053   3637   1812   3391   2553   1814   2337   1124   -626    901   1729    277   2137   1656 
  2538   2781   2917   2538   2732   2781      0   2529   1559     12   2155   4072    791    -80   1690   2380    440   4349    841   2036   2339   1840    852   5427   3220   5188   3291   2349 
  3765   3125   3792   3765   3335   3125   2529      0   1959   2307   1388   2340    563    426   1138   3888     38   2049   -482   -116   -132   -536   -138   -272     40    -17   1395    225 
  3576   3023   4389   3576   2824   3023   1559   1959      0   3880   1262   1120   2407   3026   2309   2111   2585   2318    807   1939    544   2265  -1011   -490   -488    -83   2231   3056 
  2805   2837   1953   2805   2825   2837     12   2307   3880      0   1084   1159   1747   1423   1591    981   1649   1847   2226   1317    686   1889   -704   -806   -920   -209    871   2415 
   368    609   1369    368    -58    609   2155   1388   1262   1084      0    462   -468    845    -61    -43   -171    382   -416   2981   3147    371   1104   1191   1408   1327    304   -646 
  3184   3726   2889   3184   4066   3726   4072   2340   1120   1159    462      0   1390    719   1260   2412   1160   3091   3095     62     25    973   -146   2212   1762   1785   2543   1010 
  2470   2119   2701   2470   1900   2119    791    563   2407   1747   -468   1390      0   2723   3142   2596    205   1324   1867   2238   2996   1559  -1351     43   1741    816   2222   2372 
  1901   2697   1614   1901   2351   2697    -80    426   3026   1423    845    719   2723      0   1047   2509   1116   1153    810   1935   2100   1265   -136    539    616    704    388   1543 
  4497   3053   4213   4497   3421   3053   1690   1138   2309   1591    -61   1260   3142   1047      0   2836   1549   5137   1116   1526     -5   1073  -1438   -859  -1005  -1258   1582   1416 
  3334   3637   4933   3334   3816   3637   2380   3888   2111    981    -43   2412   2596   2509   2836      0    878   2444   1524    -80    -46   1073   -530     27   -749   -569   1684    661 
  2045   1812   2708   2045   1894   1812    440     38   2585   1649   -171   1160    205   1116   1549    878      0   3673   -178   1747    942   1487  -1148   -887   -509    186    633   2007 
  4233   3391   4993   4233   3662   3391   4349   2049   2318   1847    382   3091   1324   1153   5137   2444   3673      0    708   1575    948   2602   -981    838   1336    472   2317   2414 
  1479   2553   2214   1479   2480   2553    841   -482    807   2226   -416   3095   1867    810   1116   1524   -178    708      0    800   1558   -168  -1010    315   -214    164    165   -140 
  1122   1814   1552   1122   1655   1814   2036   -116   1939   1317   2981     62   2238   1935   1526    -80   1747   1575    800      0   9751   2735    901   3796   4117   3914   1281    755 
   350   2337    663    350    402   2337   2339   -132    544    686   3147     25   2996   2100     -5    -46    942    948   1558   9751      0   2782    785   3211   4752   3216   1584    470 
  1446   1124   1791   1446    653   1124   1840   -536   2265   1889    371    973   1559   1265   1073   1073   1487   2602   -168   2735   2782      0    230   1554   2602   1606    747   9115 
  -351   -626   -727   -351  -1323   -626    852   -138  -1011   -704   1104   -146  -1351   -136  -1438   -530  -1148   -981  -1010    901    785    230      0   1530   1708   2085   -505  -1424 
   155    901   -415    155   -640    901   5427   -272   -490   -806   1191   2212     43    539   -859     27   -887    838    315   3796   3211   1554   1530      0   6862   8491   6077    784 
  -100   1729   -287   -100   -829   1729   3220     40   -488   -920   1408   1762   1741    616  -1005   -749   -509   1336   -214   4117   4752   2602   1708   6862      0   7393   3870   1419 
   320    277   -607    320   -649    277   5188    -17    -83   -209   1327   1785    816    704  -1258   -569    186    472    164   3914   3216   1606   2085   8491   7393      0   5838    471 
  1677   2137   3189   1677   2158   2137   3291   1395   2231    871    304   2543   2222    388   1582   1684    633   2317    165   1281   1584    747   -505   6077   3870   5838      0    827 
  2487   1656   2154   2487   1310   1656   2349    225   3056   2415   -646   1010   2372   1543   1416    661   2007   2414   -140    755    470   9115  -1424    784   1419    471    827      0 
