     0    704  -1045  -1273     66    643    511    511   -774   -356    274 
   704      0    580   -603   -995   -310   -778   -778  -1494  -1736   -862 
 -1045    580      0   8336    977  -1064    562    562   2359   1054   1681 
 -1273   -603   8336      0   1203  -1739     -5     -5   2348   1343    848 
    66   -995    977   1203      0    140   2452   2452   -918   2672   -231 
   643   -310  -1064  -1739    140      0   -122   -122   -415   -833   1180 
   511   -778    562     -5   2452   -122      0   9403    990   -894    987 
   511   -778    562     -5   2452   -122   9403      0    990   -894    987 
  -774  -1494   2359   2348   -918   -415    990    990      0    985   -319 
  -356  -1736   1054   1343   2672   -833   -894   -894    985      0   -431 
   274   -862   1681    848   -231   1180    987    987   -319   -431      0 
