     0   3365   1052   1619   1104   1555    345    579   -414 
  3365      0   -171   1399   -142   1958   -236   -275  -1151 
  1052   -171      0    421    -72    424   -324   2520   1031 
  1619   1399    421      0   -278    731   -497   -209   -730 
  1104   -142    -72   -278      0    896    480  -1356  -1265 
  1555   1958    424    731    896      0   -560   -626   -540 
   345   -236   -324   -497    480   -560      0   -293   -672 
   579   -275   2520   -209  -1356   -626   -293      0   -701 
  -414  -1151   1031   -730  -1265   -540   -672   -701      0 
